183810.9999981843
80012.16015420535
86873.85751800086
72745.83228510559
75797.2689789025
69517.1536999593
71873.66527501108
68400.16080006085
70038.4246819946
68007.49027901451
69122.73181303425
67830.86087576512
68640.19743588388
67760.80216855455
68338.40923424686
67751.95228733419
68150.14886924298
67751.25291830584
68036.2805226233
67756.98468397804
67960.35448316384
67767.21407850945
67909.87287658088
67775.75486680125
67877.23733139763
67782.67249043503
67855.12554383746
67788.71278195018
67839.99284973944
67793.38465736702
67829.85091863327
67796.87177349316
67822.91431749926
67799.58222759927
67818.09692940582
67801.61111875072
67814.79910068546
67803.09650799757
67812.51366832273
67804.20438418645
67810.91870137703
67805.01829057156
67809.8087648093
67805.61160694361
67809.0336375815
67806.04476549319
67808.48874107009
67806.36052773365
67808.10677006944
67806.58958950524
67807.83802227763
67806.75603603477
67807.64866756074
67806.87646622342
67807.51505674118
